+----------+-----------+------------+-------------+------------+
|full_date |total_sales|unique_users|total_revenue|total_orders|
+----------+-----------+------------+-------------+------------+
|2025-05-19|63         |63          |324246.43    |53          |
|2025-05-20|804        |796         |4023691.79   |660         |
|2025-05-21|794        |787         |3876690.93   |653         |
|2025-05-22|807        |804         |4042261.99   |665         |
|2025-05-23|855        |841         |4357969.4    |712         |
|2025-05-24|794        |780         |4002176.83   |671         |
|2025-05-25|854        |847         |4322431.85   |693         |
|2025-05-26|833        |826         |4040782.27   |682         |
|2025-05-27|838        |831         |4253498.14   |703         |
|2025-05-28|795        |787         |3946484.55   |672         |
|2025-05-29|817        |812         |4088394.25   |680         |
|2025-05-30|769        |766         |3883008.49   |636         |
|2025-05-31|791        |789         |4041692.34   |656         |
|2025-06-01|867        |861         |4282940.26   |722         |
|2025-06-02|833        |827         |4097913.59   |693         |
|2025-06-03|794        |789         |3959056.41   |650         |
|2025-06-04|808        |800         |3941416.01   |691         |
|2025-06-05|828        |818         |4202565.19   |688         |
|2025-06-06|812        |803         |4131224.27   |674         |
|2025-06-07|811        |804         |4143280.18   |662         |
|2025-06-08|820        |814         |4092030.65   |662         |
|2025-06-09|842        |832         |4293011.95   |704         |
|2025-06-10|821        |818         |4169290.2    |667         |
|2025-06-11|808        |803         |4017761.26   |679         |
|2025-06-12|819        |817         |4159840.29   |669         |
|2025-06-13|789        |787         |3924918.13   |659         |
|2025-06-14|848        |839         |4155758.36   |697         |
|2025-06-15|803        |797         |3998291.21   |671         |
|2025-06-16|794        |791         |3999359.92   |662         |
|2025-06-17|815        |811         |4141641.26   |679         |
|2025-06-18|806        |796         |4101413.52   |674         |
|2025-06-19|832        |825         |3982998.44   |688         |
|2025-06-20|828        |824         |4190703.11   |685         |
|2025-06-21|829        |821         |4111255.35   |695         |
|2025-06-22|786        |778         |3905497.82   |659         |
|2025-06-23|801        |799         |4037133.54   |668         |
|2025-06-24|871        |863         |4388550.09   |729         |
|2025-06-25|783        |775         |3799212.98   |648         |
|2025-06-26|836        |826         |4081331.45   |684         |
|2025-06-27|789        |783         |3995400.32   |659         |
|2025-06-28|781        |774         |3797565.7    |650         |
|2025-06-29|791        |784         |3949713.29   |654         |
|2025-06-30|842        |834         |4237630.38   |688         |
|2025-07-01|826        |819         |4213259.96   |682         |
|2025-07-02|870        |865         |4455709.78   |724         |
|2025-07-03|822        |818         |4107535.39   |699         |
|2025-07-04|850        |845         |4246218.01   |693         |
|2025-07-05|804        |797         |4026657.47   |674         |
|2025-07-06|875        |865         |4464216.16   |725         |
|2025-07-07|848        |841         |4350953.06   |696         |
|2025-07-08|786        |783         |3976061.96   |652         |
|2025-07-09|798        |795         |4111862.09   |667         |
|2025-07-10|838        |836         |4167401.15   |694         |
|2025-07-11|804        |798         |3947227.87   |668         |
|2025-07-12|794        |784         |3729817.08   |650         |
|2025-07-13|790        |786         |4006297      |648         |
|2025-07-14|809        |802         |3952533.36   |660         |
|2025-07-15|855        |849         |4370259.18   |710         |
|2025-07-16|836        |829         |4091517.49   |681         |
|2025-07-17|849        |844         |4295040.83   |712         |
|2025-07-18|783        |776         |3839038.87   |644         |
|2025-07-19|798        |793         |4006060.33   |657         |
|2025-07-20|840        |831         |4201727.53   |704         |
|2025-07-21|819        |812         |3960805.59   |676         |
|2025-07-22|838        |837         |4321279.95   |698         |
|2025-07-23|839        |830         |4189218.96   |696         |
|2025-07-24|841        |840         |4259092.58   |696         |
|2025-07-25|871        |862         |4460732.67   |741         |
|2025-07-26|859        |850         |4311635.57   |703         |
|2025-07-27|872        |868         |4298905.44   |738         |
|2025-07-28|798        |792         |4164643.1    |670         |
|2025-07-29|803        |800         |4159905.95   |675         |
|2025-07-30|824        |813         |4076422.69   |709         |
|2025-07-31|842        |837         |4251897.57   |725         |
|2025-08-01|814        |807         |4105368.37   |688         |
|2025-08-02|784        |778         |3959959.19   |653         |
|2025-08-03|824        |818         |3976268.27   |682         |
|2025-08-04|808        |802         |4133108.15   |680         |
|2025-08-05|869        |864         |4428677.51   |721         |
|2025-08-06|806        |798         |3950929.94   |679         |
|2025-08-07|895        |887         |4481805.87   |731         |
|2025-08-08|837        |834         |4154616.84   |694         |
|2025-08-09|847        |842         |4346705.08   |712         |
|2025-08-10|821        |819         |4051908.02   |698         |
|2025-08-11|897        |894         |4436701.03   |729         |
|2025-08-12|875        |870         |4446349.38   |721         |
|2025-08-13|818        |812         |4238769.25   |675         |
|2025-08-14|798        |798         |4057029.68   |671         |
|2025-08-15|826        |817         |4134690.51   |684         |
|2025-08-16|798        |788         |4065382.91   |668         |
|2025-08-17|839        |831         |4113801.4    |702         |
|2025-08-18|797        |794         |4011346.15   |638         |
|2025-08-19|783        |777         |4004824.35   |649         |
|2025-08-20|876        |864         |4275222.75   |725         |
|2025-08-21|851        |844         |4324208.44   |701         |
|2025-08-22|819        |815         |4108830.98   |701         |
|2025-08-23|842        |837         |4209051.33   |694         |
|2025-08-24|865        |859         |4351570.92   |725         |
|2025-08-25|805        |801         |4030175.19   |669         |
|2025-08-26|831        |823         |4022550.58   |697         |
|2025-08-27|833        |824         |4347834.91   |701         |
|2025-08-28|838        |827         |4152760.08   |704         |
|2025-08-29|841        |839         |4069636.51   |706         |
|2025-08-30|799        |793         |3884824.71   |665         |
|2025-08-31|801        |794         |4085344.21   |662         |
|2025-09-01|825        |818         |4014753.99   |696         |
|2025-09-02|833        |828         |4189980.87   |685         |
|2025-09-03|818        |812         |4214603.68   |685         |
|2025-09-04|831        |822         |4248784.37   |667         |
|2025-09-05|789        |783         |3823752.73   |671         |
|2025-09-06|793        |787         |4070467.23   |674         |
|2025-09-07|841        |837         |4322833.34   |676         |
|2025-09-08|799        |792         |3919083.63   |647         |
|2025-09-09|780        |772         |3909929.11   |635         |
|2025-09-10|802        |800         |3980485.1    |659         |
|2025-09-11|826        |817         |4103668.31   |683         |
|2025-09-12|802        |798         |4127688.92   |668         |
|2025-09-13|814        |809         |3964859.07   |675         |
|2025-09-14|873        |867         |4320910.01   |726         |
|2025-09-15|795        |789         |4016672.21   |678         |
|2025-09-16|819        |818         |3871661.95   |681         |
|2025-09-17|828        |825         |4024354.74   |673         |
|2025-09-18|843        |839         |4188932.09   |718         |
|2025-09-19|811        |806         |4214939.64   |674         |
|2025-09-20|826        |820         |4117705.87   |693         |
|2025-09-21|825        |819         |4230028      |656         |
|2025-09-22|841        |832         |4171227.89   |695         |
|2025-09-23|790        |785         |3990142.42   |654         |
|2025-09-24|806        |797         |3988650.41   |663         |
|2025-09-25|840        |836         |4223374.7    |700         |
|2025-09-26|900        |895         |4612354.73   |743         |
|2025-09-27|778        |771         |3888499.22   |650         |
|2025-09-28|819        |810         |3948796.84   |666         |
|2025-09-29|801        |794         |3958046.65   |675         |
|2025-09-30|846        |840         |4276836.18   |697         |
|2025-10-01|881        |873         |4339131.6    |745         |
|2025-10-02|844        |836         |4216027.2    |677         |
|2025-10-03|833        |824         |4284488.08   |683         |
|2025-10-04|776        |770         |3957067.72   |629         |
|2025-10-05|760        |754         |3907450.28   |629         |
|2025-10-06|754        |751         |3762307.29   |628         |
|2025-10-07|855        |852         |4291032.64   |711         |
|2025-10-08|778        |771         |3764697.94   |643         |
|2025-10-09|817        |809         |4165793.67   |681         |
|2025-10-10|871        |862         |4367200.79   |735         |
|2025-10-11|804        |797         |3928629.19   |674         |
|2025-10-12|791        |789         |4074065.98   |654         |
|2025-10-13|841        |838         |4170506.27   |701         |
|2025-10-14|821        |819         |4140699.81   |667         |
|2025-10-15|790        |788         |4068141.12   |667         |
|2025-10-16|798        |793         |3960504.76   |659         |
|2025-10-17|834        |829         |4180464.94   |684         |
|2025-10-18|815        |812         |4227494.07   |676         |
|2025-10-19|805        |796         |4004837.08   |676         |
|2025-10-20|859        |853         |4348784.71   |703         |
|2025-10-21|873        |865         |4412261.77   |716         |
|2025-10-22|818        |814         |3970046.08   |688         |
|2025-10-23|798        |792         |4081074.67   |675         |
|2025-10-24|842        |838         |3963468.68   |704         |
|2025-10-25|809        |804         |4048760.14   |647         |
|2025-10-26|825        |816         |4134879.53   |672         |
|2025-10-27|798        |793         |4017539.27   |647         |
|2025-10-28|844        |828         |4206855.19   |708         |
|2025-10-29|828        |824         |4216477.57   |689         |
|2025-10-30|835        |830         |4088270.8    |703         |
|2025-10-31|796        |792         |4021675.28   |655         |
|2025-11-01|811        |806         |4115367.07   |678         |
|2025-11-02|829        |827         |4111506.3    |676         |
|2025-11-03|777        |772         |4046174.05   |647         |
|2025-11-04|862        |854         |4205853.88   |700         |
|2025-11-05|778        |775         |3782968.44   |656         |
|2025-11-06|860        |854         |4307858.92   |707         |
|2025-11-07|821        |817         |4191512.4    |681         |
|2025-11-08|802        |801         |3903384.01   |661         |
|2025-11-09|833        |825         |4260666.3    |699         |
|2025-11-10|767        |763         |3845528.14   |646         |
|2025-11-11|822        |816         |4348565.76   |682         |
|2025-11-12|848        |841         |4021110      |717         |
|2025-11-13|775        |769         |3897710.52   |640         |
|2025-11-14|820        |808         |4203407.73   |677         |
|2025-11-15|858        |852         |4357328.1    |727         |
|2025-11-16|807        |799         |3897194.68   |671         |
|2025-11-17|889        |883         |4492243.99   |738         |
|2025-11-18|860        |855         |4266569.43   |722         |
|2025-11-19|780        |778         |3862661.39   |644         |
|2025-11-20|815        |813         |4167192.05   |673         |
|2025-11-21|827        |822         |4108337.57   |690         |
|2025-11-22|828        |822         |4257935.57   |685         |
|2025-11-23|817        |807         |4180031.59   |681         |
|2025-11-24|828        |825         |4101753.98   |665         |
|2025-11-25|774        |768         |3844950.3    |635         |
|2025-11-26|779        |772         |3953960.36   |635         |
|2025-11-27|812        |806         |4070481.42   |663         |
|2025-11-28|844        |837         |4166020.07   |679         |
|2025-11-29|820        |818         |4100654.4    |672         |
|2025-11-30|827        |819         |4109026.82   |700         |
|2025-12-01|822        |814         |4208008.2    |683         |
|2025-12-02|821        |816         |3957198.19   |673         |
|2025-12-03|786        |781         |3862418.98   |662         |
|2025-12-04|849        |841         |4394537.62   |724         |
|2025-12-05|793        |787         |4149174.34   |651         |
|2025-12-06|815        |805         |4054477.43   |664         |
|2025-12-07|828        |819         |4127941.99   |678         |
|2025-12-08|844        |836         |4111862.2    |708         |
|2025-12-09|826        |817         |4239261.25   |689         |
|2025-12-10|876        |870         |4370717.85   |721         |
|2025-12-11|826        |819         |4108605.6    |667         |
|2025-12-12|777        |770         |3842894.84   |649         |
|2025-12-13|799        |794         |4086477.27   |668         |
|2025-12-14|841        |838         |4089233.93   |690         |
|2025-12-15|826        |818         |4252102.27   |676         |
|2025-12-16|792        |783         |4072610.34   |644         |
|2025-12-17|905        |896         |4605170.89   |749         |
|2025-12-18|845        |836         |4336919.89   |710         |
|2025-12-19|883        |874         |4496802.22   |745         |
|2025-12-20|836        |831         |4271785.22   |680         |
|2025-12-21|786        |776         |4051730.8    |656         |
|2025-12-22|786        |781         |3920502.03   |655         |
|2025-12-23|866        |854         |4204820.63   |699         |
|2025-12-24|856        |850         |4347282.08   |713         |
|2025-12-25|826        |816         |4153575.37   |681         |
|2025-12-26|822        |811         |4182042.33   |690         |
|2025-12-27|849        |841         |4294538.14   |690         |
|2025-12-28|807        |801         |4179464.04   |676         |
|2025-12-29|817        |816         |4133137.22   |674         |
|2025-12-30|822        |816         |4094844.99   |682         |
|2025-12-31|763        |761         |3722520.39   |629         |
|2026-01-01|864        |860         |4281354.83   |729         |
|2026-01-02|797        |791         |3962445.17   |666         |
|2026-01-03|886        |879         |4250771.78   |731         |
|2026-01-04|813        |805         |4038931.03   |667         |
|2026-01-05|810        |810         |4161675.15   |683         |
|2026-01-06|782        |775         |3913378.69   |652         |
|2026-01-07|859        |854         |4310362.13   |714         |
|2026-01-08|816        |811         |4101763.01   |686         |
|2026-01-09|839        |833         |4157848.48   |708         |
|2026-01-10|813        |807         |4108622.79   |675         |
|2026-01-11|825        |823         |4004372.54   |680         |
|2026-01-12|819        |815         |4153056.35   |687         |
|2026-01-13|821        |815         |4231588.39   |684         |
|2026-01-14|828        |822         |4262713      |688         |
|2026-01-15|825        |818         |4175927.29   |703         |
|2026-01-16|836        |830         |4270827.76   |701         |
|2026-01-17|819        |811         |4141768.17   |678         |
|2026-01-18|801        |790         |4069317.07   |658         |
|2026-01-19|836        |830         |4145972.86   |694         |
|2026-01-20|799        |791         |4078579.63   |657         |
|2026-01-21|820        |813         |4036585.63   |673         |
|2026-01-22|811        |801         |4043897.28   |673         |
|2026-01-23|826        |821         |4125493.29   |689         |
|2026-01-24|820        |812         |4153823.31   |679         |
|2026-01-25|823        |819         |4201868.7    |699         |
|2026-01-26|775        |771         |3939871.02   |648         |
|2026-01-27|847        |842         |4258999.46   |714         |
|2026-01-28|787        |784         |3857037.29   |670         |
|2026-01-29|856        |848         |4247645.18   |737         |
|2026-01-30|867        |860         |4259810.05   |697         |
|2026-01-31|763        |759         |3988775.55   |623         |
|2026-02-01|806        |798         |3931461.83   |677         |
|2026-02-02|808        |802         |4059295.69   |678         |
|2026-02-03|801        |796         |3978087.98   |667         |
|2026-02-04|823        |816         |4169017.64   |705         |
|2026-02-05|795        |792         |3960362.21   |659         |
|2026-02-06|814        |809         |3996487.98   |670         |
|2026-02-07|861        |860         |4183490.1    |703         |
|2026-02-08|829        |823         |4135594.61   |677         |
|2026-02-09|897        |894         |4444356.45   |744         |
|2026-02-10|870        |865         |4453037.81   |705         |
|2026-02-11|771        |765         |3806392.23   |657         |
|2026-02-12|822        |814         |4142241.51   |671         |
|2026-02-13|845        |840         |4213641.96   |724         |
|2026-02-14|860        |856         |4481576.92   |711         |
|2026-02-15|820        |809         |4161713.93   |670         |
|2026-02-16|815        |807         |4136891.88   |677         |
|2026-02-17|843        |837         |4292765.69   |696         |
|2026-02-18|828        |824         |4151656.92   |685         |
|2026-02-19|831        |828         |4083620.75   |697         |
|2026-02-20|828        |821         |4168167.95   |678         |
|2026-02-21|821        |815         |4150542.13   |679         |
|2026-02-22|862        |858         |4240271.07   |724         |
|2026-02-23|808        |806         |3921662.31   |663         |
|2026-02-24|832        |829         |4249936.46   |705         |
|2026-02-25|823        |818         |4211659.34   |660         |
|2026-02-26|808        |804         |3993458.38   |668         |
|2026-02-27|842        |829         |4189170.36   |712         |
|2026-02-28|802        |798         |4039611.12   |662         |
|2026-03-01|838        |829         |4205586.06   |691         |
|2026-03-02|856        |848         |4295403.65   |695         |
|2026-03-03|842        |832         |4290037.94   |708         |
|2026-03-04|772        |764         |3729877.82   |647         |
|2026-03-05|832        |823         |4188801.66   |707         |
|2026-03-06|811        |806         |4019448.4    |696         |
|2026-03-07|794        |785         |3889656.01   |668         |
|2026-03-08|818        |813         |4024438.5    |674         |
|2026-03-09|813        |802         |3984759.78   |688         |
|2026-03-10|818        |815         |4151333.05   |679         |
|2026-03-11|808        |802         |3948107.85   |660         |
|2026-03-12|897        |887         |4220819.92   |726         |
|2026-03-13|782        |778         |3944077.06   |641         |
|2026-03-14|779        |774         |3942534.47   |637         |
|2026-03-15|814        |807         |4040947.13   |672         |
|2026-03-16|822        |816         |4111582.07   |679         |
|2026-03-17|751        |745         |3821911.87   |625         |
|2026-03-18|859        |846         |4378108.67   |732         |
|2026-03-19|845        |839         |4346217.52   |696         |
|2026-03-20|896        |887         |4603836.25   |725         |
|2026-03-21|826        |819         |4033976.59   |693         |
|2026-03-22|865        |858         |4364234.2    |729         |
|2026-03-23|828        |824         |4183456.77   |679         |
|2026-03-24|866        |860         |4252891.78   |698         |
|2026-03-25|800        |795         |3996296.61   |672         |
|2026-03-26|818        |817         |4094394.97   |693         |
|2026-03-27|772        |770         |3676773.02   |638         |
|2026-03-28|842        |839         |4198531.15   |690         |
|2026-03-29|854        |850         |4322673.49   |725         |
|2026-03-30|775        |771         |3736686.16   |648         |
|2026-03-31|816        |812         |4094395.14   |689         |
|2026-04-01|804        |802         |4010447.54   |666         |
|2026-04-02|820        |816         |4125172.87   |660         |
|2026-04-03|829        |822         |4142627.48   |683         |
|2026-04-04|851        |837         |4270944.09   |711         |
|2026-04-05|814        |807         |4026466.96   |669         |
|2026-04-06|827        |821         |4115080.42   |684         |
|2026-04-07|827        |819         |4139329.78   |689         |
|2026-04-08|802        |799         |4080818.19   |675         |
|2026-04-09|839        |831         |4229150.42   |687         |
|2026-04-10|809        |803         |4122622.26   |665         |
|2026-04-11|843        |836         |4346082.52   |699         |
|2026-04-12|783        |773         |4080552.08   |638         |
|2026-04-13|816        |808         |4062845.01   |686         |
|2026-04-14|774        |770         |3783587.59   |635         |
|2026-04-15|794        |783         |3933378.36   |679         |
|2026-04-16|825        |819         |4081309.48   |685         |
|2026-04-17|836        |833         |4176545.64   |713         |
|2026-04-18|863        |860         |4344538.28   |733         |
|2026-04-19|801        |799         |3946686.63   |670         |
|2026-04-20|777        |773         |3850233.74   |648         |
|2026-04-21|856        |851         |4161767.9    |711         |
|2026-04-22|798        |793         |3924458.97   |661         |
|2026-04-23|840        |835         |4222943.01   |714         |
|2026-04-24|786        |784         |3855464.3    |659         |
|2026-04-25|847        |844         |4251833.09   |691         |
|2026-04-26|778        |775         |3838935.77   |650         |
|2026-04-27|851        |843         |4321081.37   |705         |
|2026-04-28|826        |824         |4170633.87   |689         |
|2026-04-29|828        |825         |4167428.67   |708         |
|2026-04-30|820        |819         |4018477.65   |686         |
|2026-05-01|779        |771         |4045598.13   |653         |
|2026-05-02|796        |790         |4175456.09   |663         |
|2026-05-03|804        |797         |3864451.12   |666         |
|2026-05-04|776        |775         |3917807.59   |655         |
|2026-05-05|816        |804         |4117093.4    |680         |
|2026-05-06|855        |847         |4341836.15   |718         |
|2026-05-07|807        |796         |4053448.96   |660         |
|2026-05-08|845        |844         |4322147.73   |705         |
|2026-05-09|818        |809         |4141391.73   |681         |
|2026-05-10|771        |767         |3990124.52   |652         |
|2026-05-11|843        |839         |4283395.36   |680         |
|2026-05-12|826        |816         |4062520.77   |714         |
|2026-05-13|833        |831         |4188951.17   |681         |
|2026-05-14|843        |836         |4240330.42   |713         |
|2026-05-15|801        |797         |4095333.38   |648         |
|2026-05-16|871        |864         |4332423.42   |724         |
|2026-05-17|779        |773         |3995219.64   |653         |
|2026-05-18|806        |797         |4123276.67   |670         |
|2026-05-19|744        |741         |3734178.8    |626         |
+----------+-----------+------------+-------------+------------+
